INSTRUCTIONS
O L M
7 0 10
7 0 2
6 0 6
1 0 13
4 0 4
1 0 1
4 1 4
1 0 7
4 0 5
2 0 0
6 0 6
1 0 3
4 0 4
1 0 0
4 0 5
5 0 2
9 0 2


PL/0 code:
LINE OP     L   M
  0  JMP        10  
  1  JMP         2  
  2  INC         6  
  3  LIT        13  
  4  STO    0    4  
  5  LIT         1  
  6  STO    1    4  
  7  LIT         7  
  8  STO    0    5  
  9  RET            
 10  INC         6  
 11  LIT         3  
 12  STO    0    4  
 13  LIT         0  
 14  STO    0    5  
 15  CAL    0    2  
 16  HLT 



 Execution
                    pc   bp   sp   stack
                       0    1    0   
  0  JMP        10    10    1    0   
 10  INC         6    11    1    6   0 0 0 0 0 0 
 11  LIT         3    12    1    7   0 0 0 0 0 0 3 
 12  STO    0    4    13    1    6   0 0 0 0 3 0 
 13  LIT         0    14    1    7   0 0 0 0 3 0 0 
 14  STO    0    5    15    1    6   0 0 0 0 3 0 
 15  CAL    0    2     2    7    6   0 0 0 0 3 0 
  2  INC         6     3    7   12   0 0 0 0 3 0 | 0 1 1 16 0 0 
  3  LIT        13     4    7   13   0 0 0 0 3 0 | 0 1 1 16 0 0 13 
  4  STO    0    4     5    7   12   0 0 0 0 3 0 | 0 1 1 16 13 0 
  5  LIT         1     6    7   13   0 0 0 0 3 0 | 0 1 1 16 13 0 1 
  6  STO    1    4     7    7   12   0 0 0 0 1 0 | 0 1 1 16 13 0 
  7  LIT         7     8    7   13   0 0 0 0 1 0 | 0 1 1 16 13 0 7 
  8  STO    0    5     9    7   12   0 0 0 0 1 0 | 0 1 1 16 13 7 
  9  RET              16    1    6   0 0 0 0 1 0 
 16  HLT              17    1    6   0 0 0 0 1 0 
